    unsorted:	 0.2042864401 1495.399189 4.890928281e-009
      sorted:	 4.890928281e-009 0.2042864401 1495.399189
